,loop_method
0,0.14
1,0.4666666666666667
2,0.6133333333333333
3,0.04
4,0.26666666666666666
5,0.62
6,0.2733333333333333
7,0.06
8,0.0
9,0.18
10,0.6933333333333334
11,0.47333333333333333
12,0.4666666666666667
13,0.06666666666666667
14,0.8066666666666666
15,0.49333333333333335
16,0.0
17,0.18666666666666668
18,0.5533333333333333
19,0.23333333333333334
20,0.36666666666666664
21,0.0
22,0.0
23,0.3333333333333333
24,0.46
25,0.05333333333333334
26,0.34
27,0.8866666666666667
28,0.76
29,0.58
30,0.7
31,0.58
32,0.7733333333333333
33,0.4066666666666667
34,0.006666666666666667
35,0.5266666666666666
36,0.2866666666666667
37,0.4533333333333333
38,0.0
39,0.7866666666666666
40,0.22666666666666666
41,0.5466666666666666
42,0.24666666666666667
43,0.20666666666666667
44,0.25333333333333335
45,0.006666666666666667
46,0.02666666666666667
47,0.14666666666666667
48,0.5266666666666666
49,0.5266666666666666
50,0.0
51,0.10666666666666667
52,0.16
53,0.26
54,0.6
55,0.17333333333333334
56,0.8133333333333334
57,0.1
58,0.006666666666666667
59,0.3933333333333333
60,0.5733333333333334
61,0.5466666666666666
62,0.62
63,0.0
64,0.62
65,0.32666666666666666
66,0.02666666666666667
67,0.6666666666666666
68,0.8666666666666667
69,0.5466666666666666
70,0.49333333333333335
71,0.12666666666666668
72,0.0
73,0.38
74,0.32666666666666666
75,0.5066666666666667
76,0.13333333333333333
77,0.013333333333333334
78,0.52
79,0.07333333333333333
80,0.49333333333333335
81,0.2733333333333333
82,0.64
83,0.49333333333333335
84,0.0
85,0.8733333333333333
86,0.5133333333333333
87,0.04
88,0.8333333333333334
89,0.0
90,0.44
91,0.08
92,0.52
93,0.31333333333333335
94,0.15333333333333332
95,0.02666666666666667
96,0.41333333333333333
97,0.5
98,0.6666666666666666
99,0.32666666666666666
