,while_method
0,0.52
1,0.0
2,0.5066666666666667
3,0.5133333333333333
4,0.8666666666666667
5,0.26
6,0.08666666666666667
7,0.006666666666666667
8,0.44666666666666666
9,0.0
10,0.09333333333333334
11,0.52
12,0.4866666666666667
13,0.0
14,0.38
15,0.3933333333333333
16,0.44
17,0.24
18,0.4066666666666667
19,0.23333333333333334
20,0.2
21,0.03333333333333333
22,0.38
23,0.44666666666666666
24,0.7666666666666667
25,0.20666666666666667
26,0.0
27,0.14
28,0.09333333333333334
29,0.6
30,0.5866666666666667
31,0.16
32,0.08666666666666667
33,0.28
34,0.44666666666666666
35,0.88
36,0.8666666666666667
37,0.6333333333333333
38,0.0
39,0.3466666666666667
40,0.2866666666666667
41,0.11333333333333333
42,0.03333333333333333
43,0.5733333333333334
44,0.18666666666666668
45,0.14
46,0.44
47,0.36
48,0.04666666666666667
49,0.5466666666666666
50,0.5266666666666666
51,0.8666666666666667
52,0.5533333333333333
53,0.12666666666666668
54,0.6066666666666667
55,0.8533333333333334
56,0.4533333333333333
57,0.0
58,0.14
59,0.31333333333333335
60,0.0
61,0.04666666666666667
62,0.07333333333333333
63,0.4533333333333333
64,0.05333333333333334
65,0.30666666666666664
66,0.4866666666666667
67,0.5866666666666667
68,0.0
69,0.14666666666666667
70,0.47333333333333333
71,0.36
72,0.13333333333333333
73,0.58
74,0.7066666666666667
75,0.16
76,0.43333333333333335
77,0.24666666666666667
78,0.2733333333333333
79,0.18
80,0.26666666666666666
81,0.23333333333333334
82,0.13333333333333333
83,0.5
84,0.36
85,0.0
86,0.5533333333333333
87,0.006666666666666667
88,0.38
89,0.18666666666666668
90,0.35333333333333333
91,0.12
92,0.06666666666666667
93,0.16666666666666666
94,0.5333333333333333
95,0.24
96,0.0
97,0.28
98,0.16
99,0.9466666666666667
